params = {
    "class_ids": [0, 0, 0, 0, 0, 0, 0, 0, 0, 0, 0, 0, 0],
    "class_nodeids": [3, 4, 6, 7, 11, 12, 14, 15, 19, 20, 21, 23, 24],
    "class_treeids": [0, 0, 0, 0, 0, 0, 0, 0, 0, 0, 0, 0, 0],
    "class_weights": [1.0, 0.0, 0.0, 1.0, 1.0, 0.0, 1.0, 0.0, 1.0, 0.0, 1.0, 1.0, 0.0],
    "classlabels": [0, 1],
    "nodes_falsenodeids": [8, 5, 4, 0, 0, 7, 0, 0, 16, 13, 12, 0, 0, 15, 0, 0, 22, 21, 20, 0, 0, 0, 24, 0, 0],
    "nodes_featureids": [21, 1, 13, 0, 0, 19, 0, 0, 5, 0, 0, 0, 0, 17, 0, 0, 0, 16, 21, 0, 0, 0, 12, 0, 0],
    "nodes_hitrates": [1.0, 1.0, 1.0, 1.0, 1.0, 1.0, 1.0, 1.0, 1.0, 1.0, 1.0, 1.0, 1.0, 1.0, 1.0, 1.0, 1.0, 1.0, 1.0, 1.0, 1.0, 1.0, 1.0, 1.0, 1.0],
    "nodes_missing_value_tracks_true": [0, 0, 0, 0, 0, 0, 0, 0, 0, 0, 0, 0, 0, 0, 0, 0, 0, 0, 0, 0, 0, 0, 0, 0, 0],
    "nodes_modes": ['BRANCH_LEQ', 'BRANCH_LEQ', 'BRANCH_LEQ', 'LEAF', 'LEAF', 'BRANCH_LEQ', 'LEAF', 'LEAF', 'BRANCH_LEQ', 'BRANCH_LEQ', 'BRANCH_LEQ', 'LEAF', 'LEAF', 'BRANCH_LEQ', 'LEAF', 'LEAF', 'BRANCH_LEQ', 'BRANCH_LEQ', 'BRANCH_LEQ', 'LEAF', 'LEAF', 'LEAF', 'BRANCH_LEQ', 'LEAF', 'LEAF'],
    "nodes_nodeids": [0, 1, 2, 3, 4, 5, 6, 7, 8, 9, 10, 11, 12, 13, 14, 15, 16, 17, 18, 19, 20, 21, 22, 23, 24],
    "nodes_treeids": [0, 0, 0, 0, 0, 0, 0, 0, 0, 0, 0, 0, 0, 0, 0, 0, 0, 0, 0, 0, 0, 0, 0, 0, 0],
    "nodes_truenodeids": [1, 2, 3, 0, 0, 6, 0, 0, 9, 10, 11, 0, 0, 14, 0, 0, 17, 18, 19, 0, 0, 0, 23, 0, 0],
    "nodes_values": [0.1852719783782959, 0.2044663429260254, 0.0692964419722557, 0.0, 0.0, 0.5343028903007507, 0.0, 0.0, 0.05250481516122818, 0.17198669910430908, 0.1257859170436859, 0.0, 0.0, 0.8034847974777222, 0.0, 0.0, 0.7025853991508484, 0.2998487949371338, 0.2972269654273987, 0.0, 0.0, 0.0, 0.04732368513941765, 0.0, 0.0],
    "base_values": [],
    "post_transform": 'SOFTMAX',
}