params = {
    "class_ids": [0, 0, 0, 0, 0, 0, 0, 0, 0, 0, 0, 0, 0],
    "class_nodeids": [2, 3, 9, 12, 13, 14, 15, 16, 19, 20, 21, 23, 24],
    "class_treeids": [0, 0, 0, 0, 0, 0, 0, 0, 0, 0, 0, 0, 0],
    "class_weights": [1.0, 0.0, 0.0, 1.0, 0.0, 1.0, 1.0, 0.0, 1.0, 0.0, 1.0, 0.0, 1.0],
    "classlabels": [0, 1],
    "nodes_falsenodeids": [4, 3, 0, 0, 22, 17, 16, 15, 10, 0, 14, 13, 0, 0, 0, 0, 0, 21, 20, 0, 0, 0, 24, 0, 0],
    "nodes_featureids": [21, 11, 0, 0, 12, 20, 1, 0, 16, 0, 15, 20, 0, 0, 0, 0, 0, 15, 3, 0, 0, 0, 18, 0, 0],
    "nodes_hitrates": [],
    "nodes_missing_value_tracks_true": [0, 0, 0, 0, 0, 0, 0, 0, 0, 0, 0, 0, 0, 0, 0, 0, 0, 0, 0, 0, 0, 0, 0, 0, 0],
    "nodes_modes": ['BRANCH_LEQ', 'BRANCH_LEQ', 'LEAF', 'LEAF', 'BRANCH_LEQ', 'BRANCH_LEQ', 'BRANCH_LEQ', 'BRANCH_LEQ', 'BRANCH_LEQ', 'LEAF', 'BRANCH_LEQ', 'BRANCH_LEQ', 'LEAF', 'LEAF', 'LEAF', 'LEAF', 'LEAF', 'BRANCH_LEQ', 'BRANCH_LEQ', 'LEAF', 'LEAF', 'LEAF', 'BRANCH_LEQ', 'LEAF', 'LEAF'],
    "nodes_nodeids": [0, 1, 2, 3, 4, 5, 6, 7, 8, 9, 10, 11, 12, 13, 14, 15, 16, 17, 18, 19, 20, 21, 22, 23, 24],
    "nodes_treeids": [0, 0, 0, 0, 0, 0, 0, 0, 0, 0, 0, 0, 0, 0, 0, 0, 0, 0, 0, 0, 0, 0, 0, 0, 0],
    "nodes_truenodeids": [1, 2, 0, 0, 5, 6, 7, 8, 9, 0, 11, 12, 0, 0, 0, 0, 0, 18, 19, 0, 0, 0, 23, 0, 0],
    "nodes_values": [0.1240493506193161, 0.003527815453708172, 0.0, 0.0, 0.09637031704187393, 0.3626469373703003, 0.23548077046871185, 0.27605488896369934, 0.4016440212726593, 0.0, 0.6763797402381897, 0.22189781069755554, 0.0, 0.0, 0.0, 0.0, 0.0, 0.5208485722541809, 0.1164231225848198, 0.0, 0.0, 0.0, 0.2693825960159302, 0.0, 0.0],
    "base_values": [1.0, 1.0, 1.0, 1.0, 1.0, 1.0, 1.0, 1.0, 1.0, 1.0, 1.0, 1.0, 1.0, 1.0, 1.0, 1.0, 1.0, 1.0, 1.0, 1.0, 1.0, 1.0, 1.0, 1.0, 1.0],
    "post_transform": "SOFTMAX",
}