params = {
    "class_ids": [0, 0, 0, 0, 0, 0, 0, 0, 0, 0, 0, 0, 0, 0, 0, 0, 0, 0, 0, 0, 0],
    "class_nodeids": [2, 3, 4, 1, 2, 1, 2, 1, 2, 1, 2, 1, 2, 1, 2, 1, 2, 1, 2, 1, 2],
    "class_treeids": [0, 0, 0, 1, 1, 2, 2, 3, 3, 4, 4, 5, 5, 6, 6, 7, 7, 8, 8, 9, 9],
    "class_weights": [0.529411792755127, 0.15000000596046448, -0.5747368931770325, -0.4401389956474304, 0.42781904339790344, 0.37033721804618835, -0.3803391456604004, 0.3078104853630066, -0.35015541315078735, 0.2996070683002472, -0.31572800874710083, -0.29508712887763977, 0.27901509404182434, 0.2348441630601883, -0.2902463972568512, 0.21996770799160004, -0.27414166927337646, 0.22548630833625793, -0.24599917232990265, 0.1849013864994049, -0.2470293790102005],
    "classlabels": [0, 1],
    "nodes_falsenodeids": [4, 3, 0, 0, 0, 2, 0, 0, 2, 0, 0, 2, 0, 0, 2, 0, 0, 2, 0, 0, 2, 0, 0, 2, 0, 0, 2, 0, 0, 2, 0, 0],
    "nodes_featureids": [15, 2, 0, 0, 0, 3, 0, 0, 14, 0, 0, 15, 0, 0, 14, 0, 0, 3, 0, 0, 14, 0, 0, 15, 0, 0, 17, 0, 0, 14, 0, 0],
    "nodes_hitrates": [],
    "nodes_missing_value_tracks_true": [1, 1, 0, 0, 0, 1, 0, 0, 1, 0, 0, 1, 0, 0, 1, 0, 0, 1, 0, 0, 1, 0, 0, 1, 0, 0, 1, 0, 0, 1, 0, 0],
    "nodes_modes": ['BRANCH_LT', 'BRANCH_LT', 'LEAF', 'LEAF', 'LEAF', 'BRANCH_LT', 'LEAF', 'LEAF', 'BRANCH_LT', 'LEAF', 'LEAF', 'BRANCH_LT', 'LEAF', 'LEAF', 'BRANCH_LT', 'LEAF', 'LEAF', 'BRANCH_LT', 'LEAF', 'LEAF', 'BRANCH_LT', 'LEAF', 'LEAF', 'BRANCH_LT', 'LEAF', 'LEAF', 'BRANCH_LT', 'LEAF', 'LEAF', 'BRANCH_LT', 'LEAF', 'LEAF'],
    "nodes_nodeids": [0, 1, 2, 3, 4, 0, 1, 2, 0, 1, 2, 0, 1, 2, 0, 1, 2, 0, 1, 2, 0, 1, 2, 0, 1, 2, 0, 1, 2, 0, 1, 2],
    "nodes_treeids": [0, 0, 0, 0, 0, 1, 1, 1, 2, 2, 2, 3, 3, 3, 4, 4, 4, 5, 5, 5, 6, 6, 6, 7, 7, 7, 8, 8, 8, 9, 9, 9],
    "nodes_truenodeids": [1, 2, 0, 0, 0, 1, 0, 0, 1, 0, 0, 1, 0, 0, 1, 0, 0, 1, 0, 0, 1, 0, 0, 1, 0, 0, 1, 0, 0, 1, 0, 0],
    "nodes_values": [0.7000000476837158, 0.875, 0.0, 0.0, 0.0, 0.125, 0.0, 0.0, 0.6598639488220215, 0.0, 0.0, 0.7000000476837158, 0.0, 0.0, 0.6598639488220215, 0.0, 0.0, 0.125, 0.0, 0.0, 0.6768707036972046, 0.0, 0.0, 0.7000000476837158, 0.0, 0.0, 0.38983049988746643, 0.0, 0.0, 0.6768707036972046, 0.0, 0.0],
    "base_values": [],
    "post_transform": "SOFTMAX",
}